camera_matrix:
  cols: 3
  data: [339.9262647636566, 0.0, 300.19201781158984, 0.0, 339.5521895774826, 229.01938789695114,
    0.0, 0.0, 1.0]
  rows: 3
camera_name: autobot01/camera_node
distortion_coefficients:
  cols: 5
  data: [-0.3139039204787882, 0.08221304322412637, 0.0007473594444530802, -0.0001804097495902121,
    0.0]
  rows: 1
distortion_model: plumb_bob
image_height: 480
image_width: 640
projection_matrix:
  cols: 4
  data: [247.9194793701172, 0.0, 299.9925392960049, 0.0, 0.0, 273.67620849609375,
    223.9792259554597, 0.0, 0.0, 0.0, 1.0, 0.0]
  rows: 3
rectification_matrix:
  cols: 3
  data: [1.0, 0.0, 0.0, 0.0, 1.0, 0.0, 0.0, 0.0, 1.0]
  rows: 3
