camera_matrix:
  cols: 3
  data: [680.9120045974347, 0.0, 627.645240650831, 0.0, 683.4195475085861, 494.08698495786126,
    0.0, 0.0, 1.0]
  rows: 3
camera_name: watchtower04/camera_node
distortion_coefficients:
  cols: 5
  data: [-0.2626588952528456, 0.050501091371322485, 0.002590628003706651, -0.001081010553442035,
    0.0]
  rows: 1
distortion_model: plumb_bob
image_height: 972
image_width: 1296
projection_matrix:
  cols: 4
  data: [470.373779296875, 0.0, 615.1761058616394, 0.0, 0.0, 570.8678588867188, 503.6117665414022,
    0.0, 0.0, 0.0, 1.0, 0.0]
  rows: 3
rectification_matrix:
  cols: 3
  data: [1.0, 0.0, 0.0, 0.0, 1.0, 0.0, 0.0, 0.0, 1.0]
  rows: 3
