camera_matrix:
  cols: 3
  data: [335.64816806830294, 0.0, 291.8696914363328, 0.0, 334.2182637306086, 234.28009574535622,
    0.0, 0.0, 1.0]
  rows: 3
camera_name: autobot05/camera_node
distortion_coefficients:
  cols: 5
  data: [-0.28592399247424594, 0.06553993461336502, -0.0006489776869633478, 0.0005727285855827036,
    0.0]
  rows: 1
distortion_model: plumb_bob
image_height: 480
image_width: 640
projection_matrix:
  cols: 4
  data: [242.6488494873047, 0.0, 291.95133111189534, 0.0, 0.0, 272.73681640625, 230.51909233414335,
    0.0, 0.0, 0.0, 1.0, 0.0]
  rows: 3
rectification_matrix:
  cols: 3
  data: [1.0, 0.0, 0.0, 0.0, 1.0, 0.0, 0.0, 0.0, 1.0]
  rows: 3
