camera_matrix:
  cols: 3
  data: [1949.7051031533365, 0.0, 660.6414035160481, 0.0, 3504.700272072736, 528.3924417753288,
    0.0, 0.0, 1.0]
  rows: 3
camera_name: watchtower45/camera_node
distortion_coefficients:
  cols: 5
  data: [-2.048519408353111, 3.6406795019798577, -0.04086872646456366, -0.015992325279186804,
    0.0]
  rows: 1
distortion_model: plumb_bob
image_height: 972
image_width: 1296
projection_matrix:
  cols: 4
  data: [1436.563232421875, 0.0, 639.2308977623325, 0.0, 0.0, 3368.30224609375, 522.4702157130814,
    0.0, 0.0, 0.0, 1.0, 0.0]
  rows: 3
rectification_matrix:
  cols: 3
  data: [1.0, 0.0, 0.0, 0.0, 1.0, 0.0, 0.0, 0.0, 1.0]
  rows: 3
