camera_matrix:
  cols: 3
  data: [680.7698149622915, 0.0, 660.7401297414923, 0.0, 686.063181682342, 481.14963094994073,
    0.0, 0.0, 1.0]
  rows: 3
camera_name: watchtower02/camera_node
distortion_coefficients:
  cols: 5
  data: [-0.2423457201285739, 0.044302443914893075, 0.006862409156521244, -0.0012140920836677485,
    0.0]
  rows: 1
distortion_model: plumb_bob
image_height: 972
image_width: 1296
projection_matrix:
  cols: 4
  data: [483.0898742675781, 0.0, 662.8771574180355, 0.0, 0.0, 585.7899169921875, 492.7617610771922,
    0.0, 0.0, 0.0, 1.0, 0.0]
  rows: 3
rectification_matrix:
  cols: 3
  data: [1.0, 0.0, 0.0, 0.0, 1.0, 0.0, 0.0, 0.0, 1.0]
  rows: 3
