camera_matrix:
  cols: 3
  data: [673.6414486649819, 0.0, 661.1365485523182, 0.0, 675.574796653032, 534.3377366512171,
    0.0, 0.0, 1.0]
  rows: 3
camera_name: watchtower16/camera_node
distortion_coefficients:
  cols: 5
  data: [-0.2821386530145101, 0.06265004061372317, -0.0032604119737486836, -0.000581884813975727,
    0.0]
  rows: 1
distortion_model: plumb_bob
image_height: 972
image_width: 1296
projection_matrix:
  cols: 4
  data: [483.8470458984375, 0.0, 658.7384425019991, 0.0, 0.0, 551.5826416015625, 551.545457841894,
    0.0, 0.0, 0.0, 1.0, 0.0]
  rows: 3
rectification_matrix:
  cols: 3
  data: [1.0, 0.0, 0.0, 0.0, 1.0, 0.0, 0.0, 0.0, 1.0]
  rows: 3
