camera_matrix:
  cols: 3
  data: [1191.4242744701053, 0.0, 644.0467122947903, 0.0, 1227.8691257191053, 511.87515381227405,
    0.0, 0.0, 1.0]
  rows: 3
camera_name: watchtower54/camera_node
distortion_coefficients:
  cols: 5
  data: [-0.7062636488627748, 0.39690267494676335, -0.024448667284853055, 0.004537605829839558,
    0.0]
  rows: 1
distortion_model: plumb_bob
image_height: 972
image_width: 1296
projection_matrix:
  cols: 4
  data: [875.2949829101562, 0.0, 655.6794281032307, 0.0, 0.0, 1071.953857421875, 496.00312306264095,
    0.0, 0.0, 0.0, 1.0, 0.0]
  rows: 3
rectification_matrix:
  cols: 3
  data: [1.0, 0.0, 0.0, 0.0, 1.0, 0.0, 0.0, 0.0, 1.0]
  rows: 3
