camera_matrix:
  cols: 3
  data: [355.69184536268654, 0.0, 335.31885468581476, 0.0, 357.3027914630159, 225.4718981131524,
    0.0, 0.0, 1.0]
  rows: 3
camera_name: watchtower53/camera_node
distortion_coefficients:
  cols: 5
  data: [-0.26684024855585103, 0.04957557772572133, 0.0011089135360202022, -0.0004295971132799341,
    0.0]
  rows: 1
distortion_model: plumb_bob
image_height: 480
image_width: 640
projection_matrix:
  cols: 4
  data: [247.53152465820312, 0.0, 347.8248078102333, 0.0, 0.0, 304.14312744140625,
    220.41895212912277, 0.0, 0.0, 0.0, 1.0, 0.0]
  rows: 3
rectification_matrix:
  cols: 3
  data: [1.0, 0.0, 0.0, 0.0, 1.0, 0.0, 0.0, 0.0, 1.0]
  rows: 3
