camera_matrix:
  cols: 3
  data: [690.0286104807655, 0.0, 618.6286294382836, 0.0, 687.2531011532284, 491.08258547513833,
    0.0, 0.0, 1.0]
  rows: 3
camera_name: watchtower03/camera_node
distortion_coefficients:
  cols: 5
  data: [-0.2726572244471474, 0.05596404643833231, -0.0003432578770730181, 0.0010367207025487309,
    0.0]
  rows: 1
distortion_model: plumb_bob
image_height: 972
image_width: 1296
projection_matrix:
  cols: 4
  data: [483.5372009277344, 0.0, 616.7593371344774, 0.0, 0.0, 571.96533203125, 492.8246497048531,
    0.0, 0.0, 0.0, 1.0, 0.0]
  rows: 3
rectification_matrix:
  cols: 3
  data: [1.0, 0.0, 0.0, 0.0, 1.0, 0.0, 0.0, 0.0, 1.0]
  rows: 3
