camera_matrix:
  cols: 3
  data: [647.7007617070492, 0.0, 607.6603456618002, 0.0, 646.0759624680528, 456.3453578774956,
    0.0, 0.0, 1.0]
  rows: 3
camera_name: watchtower10/camera_node
distortion_coefficients:
  cols: 5
  data: [-0.2513182046751326, 0.04475502879765088, 0.0009219509778484324, 0.000486973351411295,
    0.0]
  rows: 1
distortion_model: plumb_bob
image_height: 972
image_width: 1296
projection_matrix:
  cols: 4
  data: [448.098388671875, 0.0, 610.2942955007893, 0.0, 0.0, 527.5704956054688, 442.32649016230425,
    0.0, 0.0, 0.0, 1.0, 0.0]
  rows: 3
rectification_matrix:
  cols: 3
  data: [1.0, 0.0, 0.0, 0.0, 1.0, 0.0, 0.0, 0.0, 1.0]
  rows: 3
