camera_matrix:
  cols: 3
  data: [661.7659838228442, 0.0, 614.7422241945579, 0.0, 667.7966124025314, 479.404080013102,
    0.0, 0.0, 1.0]
  rows: 3
camera_name: watchtower08/camera_node
distortion_coefficients:
  cols: 5
  data: [-0.25006117261687877, 0.04406668688300146, 8.73437840861869e-05, -0.00026158271422660673,
    0.0]
  rows: 1
distortion_model: plumb_bob
image_height: 972
image_width: 1296
projection_matrix:
  cols: 4
  data: [455.1354675292969, 0.0, 603.1833750712358, 0.0, 0.0, 557.61376953125, 476.3585541183129,
    0.0, 0.0, 0.0, 1.0, 0.0]
  rows: 3
rectification_matrix:
  cols: 3
  data: [1.0, 0.0, 0.0, 0.0, 1.0, 0.0, 0.0, 0.0, 1.0]
  rows: 3
