calibration_time: 2019-05-13__19:50:23
dl: 0.25452137710747685
dr: 0.3530933687552178
L: 0.05999828888128718
