camera_matrix:
  cols: 3
  data: [830.693260863459, 0.0, 657.383563500229, 0.0, 835.5939520602608, 424.01775201790036,
    0.0, 0.0, 1.0]
  rows: 3
camera_name: watchtower32/camera_node
distortion_coefficients:
  cols: 5
  data: [-0.3899523938545663, 0.12142883146552187, 0.019648184472044434, -0.005204220761990062,
    0.0]
  rows: 1
distortion_model: plumb_bob
image_height: 972
image_width: 1296
projection_matrix:
  cols: 4
  data: [605.5073852539062, 0.0, 642.0713750142022, 0.0, 0.0, 710.1295166015625, 429.96427830011817,
    0.0, 0.0, 0.0, 1.0, 0.0]
  rows: 3
rectification_matrix:
  cols: 3
  data: [1.0, 0.0, 0.0, 0.0, 1.0, 0.0, 0.0, 0.0, 1.0]
  rows: 3
