camera_matrix:
  cols: 3
  data: [722.3365034308449, 0.0, 671.6852740522704, 0.0, 719.505896204287, 492.1480766475029,
    0.0, 0.0, 1.0]
  rows: 3
camera_name: watchtower52/camera_node
distortion_coefficients:
  cols: 5
  data: [-0.2737214569938078, 0.054865936271198255, -0.0023294978834755824, -0.0025248674853098744,
    0.0]
  rows: 1
distortion_model: plumb_bob
image_height: 972
image_width: 1296
projection_matrix:
  cols: 4
  data: [508.07659912109375, 0.0, 675.6153732314124, 0.0, 0.0, 610.7785034179688,
    490.2841993533184, 0.0, 0.0, 0.0, 1.0, 0.0]
  rows: 3
rectification_matrix:
  cols: 3
  data: [1.0, 0.0, 0.0, 0.0, 1.0, 0.0, 0.0, 0.0, 1.0]
  rows: 3
