camera_matrix:
  cols: 3
  data: [1491.7810596075396, 0.0, 347.88566591431163, 0.0, 1002.7040983713739, 210.2258290255165,
    0.0, 0.0, 1.0]
  rows: 3
camera_name: watchtower41/camera_node
distortion_coefficients:
  cols: 5
  data: [1.3736259800174617, -19.239432825460252, 0.04724465018564189, -0.0906843314984016,
    0.0]
  rows: 1
distortion_model: plumb_bob
image_height: 480
image_width: 640
projection_matrix:
  cols: 4
  data: [3015.35693359375, 0.0, 646.3904654222933, 0.0, 0.0, 2305.710205078125, 481.5130039588257,
    0.0, 0.0, 0.0, 1.0, 0.0]
  rows: 3
rectification_matrix:
  cols: 3
  data: [1.0, 0.0, 0.0, 0.0, 1.0, 0.0, 0.0, 0.0, 1.0]
  rows: 3
