camera_matrix:
  cols: 3
  data: [355.39886536648845, 0.0, 321.5600993070319, 0.0, 355.95809499701403, 226.62239858193587,
    0.0, 0.0, 1.0]
  rows: 3
camera_name: watchtower51/camera_node
distortion_coefficients:
  cols: 5
  data: [-0.2731949048628524, 0.05472817230053558, 0.0010323296190407375, 0.00055401656965222,
    0.0]
  rows: 1
distortion_model: plumb_bob
image_height: 480
image_width: 640
projection_matrix:
  cols: 4
  data: [248.83668518066406, 0.0, 324.41422280394363, 0.0, 0.0, 301.8841857910156,
    221.87991461377896, 0.0, 0.0, 0.0, 1.0, 0.0]
  rows: 3
rectification_matrix:
  cols: 3
  data: [1.0, 0.0, 0.0, 0.0, 1.0, 0.0, 0.0, 0.0, 1.0]
  rows: 3
