calibration_time: 2019-04-17__17:26:36
dl: 0.3779210901984481
dr: 0.37064138211211956
L: 0.06
