camera_matrix:
  cols: 3
  data: [647.1631270177893, 0.0, 632.1688178631802, 0.0, 651.2745210330631, 503.65077217724007,
    0.0, 0.0, 1.0]
  rows: 3
camera_name: watchtower31/camera_node
distortion_coefficients:
  cols: 5
  data: [-0.24197166464822745, 0.04236427121115829, 0.0020747134267615863, 0.001373879650332031,
    0.0]
  rows: 1
distortion_model: plumb_bob
image_height: 972
image_width: 1296
projection_matrix:
  cols: 4
  data: [440.89892578125, 0.0, 637.2758853077539, 0.0, 0.0, 541.0375366210938, 517.2158738328944,
    0.0, 0.0, 0.0, 1.0, 0.0]
  rows: 3
rectification_matrix:
  cols: 3
  data: [1.0, 0.0, 0.0, 0.0, 1.0, 0.0, 0.0, 0.0, 1.0]
  rows: 3
