camera_matrix:
  cols: 3
  data: [687.3387713275047, 0.0, 692.4332415641392, 0.0, 690.7921636274946, 470.34255703271896,
    0.0, 0.0, 1.0]
  rows: 3
camera_name: watchtower21/camera_node
distortion_coefficients:
  cols: 5
  data: [-0.2642438712562363, 0.04787777576821978, 0.002082516127924024, 0.0008303770108268584,
    0.0]
  rows: 1
distortion_model: plumb_bob
image_height: 972
image_width: 1296
projection_matrix:
  cols: 4
  data: [476.01666259765625, 0.0, 714.026242299864, 0.0, 0.0, 577.317626953125, 467.18238181911875,
    0.0, 0.0, 0.0, 1.0, 0.0]
  rows: 3
rectification_matrix:
  cols: 3
  data: [1.0, 0.0, 0.0, 0.0, 1.0, 0.0, 0.0, 0.0, 1.0]
  rows: 3
