camera_matrix:
  cols: 3
  data: [340.22628331775803, 0.0, 321.43400992333454, 0.0, 339.9569418695124, 215.31917498630116,
    0.0, 0.0, 1.0]
  rows: 3
camera_name: autobot51/camera_node
distortion_coefficients:
  cols: 5
  data: [-0.28744746231605295, 0.05763782698211248, 0.0019966546800561638, -0.0017026702252182996,
    0.0]
  rows: 1
distortion_model: plumb_bob
image_height: 480
image_width: 640
projection_matrix:
  cols: 4
  data: [233.85081481933594, 0.0, 319.1484077816076, 0.0, 0.0, 275.4319152832031,
    203.91168659269897, 0.0, 0.0, 0.0, 1.0, 0.0]
  rows: 3
rectification_matrix:
  cols: 3
  data: [1.0, 0.0, 0.0, 0.0, 1.0, 0.0, 0.0, 0.0, 1.0]
  rows: 3
