camera_matrix:
  cols: 3
  data: [679.4104436026928, 0.0, 614.2962662805584, 0.0, 689.494447762222, 536.8767732539037,
    0.0, 0.0, 1.0]
  rows: 3
camera_name: watchtower29/camera_node
distortion_coefficients:
  cols: 5
  data: [-0.26967787672630844, 0.05310302091198072, -0.002053077730085208, 0.0010304284077086777,
    0.0]
  rows: 1
distortion_model: plumb_bob
image_height: 972
image_width: 1296
projection_matrix:
  cols: 4
  data: [473.9737243652344, 0.0, 618.3403577764548, 0.0, 0.0, 570.3738403320312, 556.8875301200751,
    0.0, 0.0, 0.0, 1.0, 0.0]
  rows: 3
rectification_matrix:
  cols: 3
  data: [1.0, 0.0, 0.0, 0.0, 1.0, 0.0, 0.0, 0.0, 1.0]
  rows: 3
