camera_matrix:
  cols: 3
  data: [663.5390683017761, 0.0, 642.1851423628642, 0.0, 664.2756351580695, 440.52955662567405,
    0.0, 0.0, 1.0]
  rows: 3
camera_name: watchtower14/camera_node
distortion_coefficients:
  cols: 5
  data: [-0.26736973056568586, 0.051927003320942855, 0.0017329876556498125, 0.0007618982399514551,
    0.0]
  rows: 1
distortion_model: plumb_bob
image_height: 972
image_width: 1296
projection_matrix:
  cols: 4
  data: [461.4423828125, 0.0, 645.396631901036, 0.0, 0.0, 540.9744873046875, 420.23596627808,
    0.0, 0.0, 0.0, 1.0, 0.0]
  rows: 3
rectification_matrix:
  cols: 3
  data: [1.0, 0.0, 0.0, 0.0, 1.0, 0.0, 0.0, 0.0, 1.0]
  rows: 3
