camera_matrix:
  cols: 3
  data: [661.5975384155183, 0.0, 625.3762121838212, 0.0, 662.3928462244837, 486.51144839388655,
    0.0, 0.0, 1.0]
  rows: 3
camera_name: watchtower07/camera_node
distortion_coefficients:
  cols: 5
  data: [-0.2646737598143709, 0.052135581434678245, -9.17435480271914e-05, 0.0011378599210763684,
    0.0]
  rows: 1
distortion_model: plumb_bob
image_height: 972
image_width: 1296
projection_matrix:
  cols: 4
  data: [457.02392578125, 0.0, 634.7541207040194, 0.0, 0.0, 544.9747314453125, 486.56447001452034,
    0.0, 0.0, 0.0, 1.0, 0.0]
  rows: 3
rectification_matrix:
  cols: 3
  data: [1.0, 0.0, 0.0, 0.0, 1.0, 0.0, 0.0, 0.0, 1.0]
  rows: 3
