camera_matrix:
  cols: 3
  data: [661.1163888378601, 0.0, 607.8499006398566, 0.0, 663.979263667389, 466.01862278305504,
    0.0, 0.0, 1.0]
  rows: 3
camera_name: watchtower12/camera_node
distortion_coefficients:
  cols: 5
  data: [-0.2758229276398164, 0.05985099329744087, -0.0011277103383996072, 0.0006347058723360412,
    0.0]
  rows: 1
distortion_model: plumb_bob
image_height: 972
image_width: 1296
projection_matrix:
  cols: 4
  data: [469.9254150390625, 0.0, 615.2963444595662, 0.0, 0.0, 540.5720825195312, 452.61124324162665,
    0.0, 0.0, 0.0, 1.0, 0.0]
  rows: 3
rectification_matrix:
  cols: 3
  data: [1.0, 0.0, 0.0, 0.0, 1.0, 0.0, 0.0, 0.0, 1.0]
  rows: 3
