camera_matrix:
  cols: 3
  data: [712.491893317273, 0.0, 633.2505588391349, 0.0, 712.1724264033363, 498.1779769497996,
    0.0, 0.0, 1.0]
  rows: 3
camera_name: watchtower46/camera_node
distortion_coefficients:
  cols: 5
  data: [-0.28920128834634984, 0.06073804156301785, -4.539244469728674e-05, -0.0031244100407659607,
    0.0]
  rows: 1
distortion_model: plumb_bob
image_height: 972
image_width: 1296
projection_matrix:
  cols: 4
  data: [491.46368408203125, 0.0, 615.9263947856016, 0.0, 0.0, 593.1174926757812,
    504.10272260378406, 0.0, 0.0, 0.0, 1.0, 0.0]
  rows: 3
rectification_matrix:
  cols: 3
  data: [1.0, 0.0, 0.0, 0.0, 1.0, 0.0, 0.0, 0.0, 1.0]
  rows: 3
