camera_matrix:
  cols: 3
  data: [664.3833073783773, 0.0, 674.5404951149719, 0.0, 668.0430152511592, 504.69056680569645,
    0.0, 0.0, 1.0]
  rows: 3
camera_name: watchtower33/camera_node
distortion_coefficients:
  cols: 5
  data: [-0.2782525779027377, 0.06129831481973536, -0.0024545438512137852, -0.00013804562160333486,
    0.0]
  rows: 1
distortion_model: plumb_bob
image_height: 972
image_width: 1296
projection_matrix:
  cols: 4
  data: [475.6627197265625, 0.0, 670.5704450735793, 0.0, 0.0, 546.7841186523438, 508.6972184139777,
    0.0, 0.0, 0.0, 1.0, 0.0]
  rows: 3
rectification_matrix:
  cols: 3
  data: [1.0, 0.0, 0.0, 0.0, 1.0, 0.0, 0.0, 0.0, 1.0]
  rows: 3
