calibration_time: 2019-03-17__18:26:54
dl: 0.1451276824685647
dr: 0.17313292213471002
L: 0.06
