camera_matrix:
  cols: 3
  data: [676.2541394521033, 0.0, 630.1168899245223, 0.0, 679.7873130328916, 478.79068347406184,
    0.0, 0.0, 1.0]
  rows: 3
camera_name: watchtower05/camera_node
distortion_coefficients:
  cols: 5
  data: [-0.26036179319669706, 0.0498193272751883, 0.0023693933832106156, -6.210616578653353e-05,
    0.0]
  rows: 1
distortion_model: plumb_bob
image_height: 972
image_width: 1296
projection_matrix:
  cols: 4
  data: [466.6784362792969, 0.0, 624.7717670939273, 0.0, 0.0, 568.7630615234375, 480.49391334963,
    0.0, 0.0, 0.0, 1.0, 0.0]
  rows: 3
rectification_matrix:
  cols: 3
  data: [1.0, 0.0, 0.0, 0.0, 1.0, 0.0, 0.0, 0.0, 1.0]
  rows: 3
