camera_matrix:
  cols: 3
  data: [2233.6943643224636, 0.0, 326.604269046636, 0.0, 5012.938059701982, 258.4341303768962,
    0.0, 0.0, 1.0]
  rows: 3
camera_name: watchtower42/camera_node
distortion_coefficients:
  cols: 5
  data: [-12.415760851675929, 155.51691125897804, -0.040242820539289896, -0.07810114599706963,
    0.0]
  rows: 1
distortion_model: plumb_bob
image_height: 480
image_width: 640
projection_matrix:
  cols: 4
  data: [1687.6083984375, 0.0, 307.3005853980576, 0.0, 0.0, 4870.3349609375, 258.01535144685477,
    0.0, 0.0, 0.0, 1.0, 0.0]
  rows: 3
rectification_matrix:
  cols: 3
  data: [1.0, 0.0, 0.0, 0.0, 1.0, 0.0, 0.0, 0.0, 1.0]
  rows: 3
