camera_matrix:
  cols: 3
  data: [3990.575167310277, 0.0, 666.5840932967611, 0.0, 3957.203028668592, 430.7223621334007,
    0.0, 0.0, 1.0]
  rows: 3
camera_name: watchtower50/camera_node
distortion_coefficients:
  cols: 5
  data: [-7.649366738428128, 74.63314165588385, -0.12847891349278856, 0.1009000987095259,
    0.0]
  rows: 1
distortion_model: plumb_bob
image_height: 972
image_width: 1296
projection_matrix:
  cols: 4
  data: [3309.32958984375, 0.0, 715.1585260350766, 0.0, 0.0, 3329.287353515625, 377.88763024141554,
    0.0, 0.0, 0.0, 1.0, 0.0]
  rows: 3
rectification_matrix:
  cols: 3
  data: [1.0, 0.0, 0.0, 0.0, 1.0, 0.0, 0.0, 0.0, 1.0]
  rows: 3
