camera_matrix:
  cols: 3
  data: [637.3853552797002, 0.0, 667.3435196191468, 0.0, 639.8974711929183, 486.13688767903307,
    0.0, 0.0, 1.0]
  rows: 3
camera_name: watchtower34/camera_node
distortion_coefficients:
  cols: 5
  data: [-0.24053340737628073, 0.04056439054231256, -0.0005820997578221139, 0.003310057159585896,
    0.0]
  rows: 1
distortion_model: plumb_bob
image_height: 972
image_width: 1296
projection_matrix:
  cols: 4
  data: [434.7251892089844, 0.0, 681.2405559287072, 0.0, 0.0, 528.105224609375, 484.7791824093438,
    0.0, 0.0, 0.0, 1.0, 0.0]
  rows: 3
rectification_matrix:
  cols: 3
  data: [1.0, 0.0, 0.0, 0.0, 1.0, 0.0, 0.0, 0.0, 1.0]
  rows: 3
