camera_matrix:
  cols: 3
  data: [1385.684249663316, 0.0, 691.421256360386, 0.0, 1469.9093342648075, 433.2579290034127,
    0.0, 0.0, 1.0]
  rows: 3
camera_name: watchtower47/camera_node
distortion_coefficients:
  cols: 5
  data: [-1.0568004098219053, 1.0258941435102509, -0.04478756879499159, 0.0052974386973094045,
    0.0]
  rows: 1
distortion_model: plumb_bob
image_height: 972
image_width: 1296
projection_matrix:
  cols: 4
  data: [1062.4090576171875, 0.0, 705.7229646105407, 0.0, 0.0, 1201.0511474609375,
    373.4250958020275, 0.0, 0.0, 0.0, 1.0, 0.0]
  rows: 3
rectification_matrix:
  cols: 3
  data: [1.0, 0.0, 0.0, 0.0, 1.0, 0.0, 0.0, 0.0, 1.0]
  rows: 3
