camera_matrix:
  cols: 3
  data: [328.39754348953176, 0.0, 318.67389304488046, 0.0, 328.03763302173223, 225.75706350551127,
    0.0, 0.0, 1.0]
  rows: 3
camera_name: autobot07/camera_node
distortion_coefficients:
  cols: 5
  data: [-0.2742115010126988, 0.05411640937096429, 0.0035882685746143946, -0.001449173469353546,
    0.0]
  rows: 1
distortion_model: plumb_bob
image_height: 480
image_width: 640
projection_matrix:
  cols: 4
  data: [227.7633056640625, 0.0, 317.09758433645766, 0.0, 0.0, 267.0588073730469,
    222.02636693862587, 0.0, 0.0, 0.0, 1.0, 0.0]
  rows: 3
rectification_matrix:
  cols: 3
  data: [1.0, 0.0, 0.0, 0.0, 1.0, 0.0, 0.0, 0.0, 1.0]
  rows: 3
