camera_matrix:
  cols: 3
  data: [653.7012548568711, 0.0, 616.6649789572607, 0.0, 656.211480525502, 481.995061849353,
    0.0, 0.0, 1.0]
  rows: 3
camera_name: watchtower27/camera_node
distortion_coefficients:
  cols: 5
  data: [-0.2629206373327513, 0.053089644234790706, -0.0003980300739192937, 0.000857340168949874,
    0.0]
  rows: 1
distortion_model: plumb_bob
image_height: 972
image_width: 1296
projection_matrix:
  cols: 4
  data: [459.3786926269531, 0.0, 625.1682094003336, 0.0, 0.0, 538.8342895507812, 478.92238553850257,
    0.0, 0.0, 0.0, 1.0, 0.0]
  rows: 3
rectification_matrix:
  cols: 3
  data: [1.0, 0.0, 0.0, 0.0, 1.0, 0.0, 0.0, 0.0, 1.0]
  rows: 3
