camera_matrix:
  cols: 3
  data: [680.2975797706964, 0.0, 643.2370180039343, 0.0, 680.2014349164649, 478.0146157450165,
    0.0, 0.0, 1.0]
  rows: 3
camera_name: watchtower22/camera_node
distortion_coefficients:
  cols: 5
  data: [-0.28010276754102925, 0.05859953236789646, 0.0003222391990364333, 0.0006163456288635702,
    0.0]
  rows: 1
distortion_model: plumb_bob
image_height: 972
image_width: 1296
projection_matrix:
  cols: 4
  data: [471.74835205078125, 0.0, 646.3281430787902, 0.0, 0.0, 559.291259765625, 474.5124371878628,
    0.0, 0.0, 0.0, 1.0, 0.0]
  rows: 3
rectification_matrix:
  cols: 3
  data: [1.0, 0.0, 0.0, 0.0, 1.0, 0.0, 0.0, 0.0, 1.0]
  rows: 3
