camera_matrix:
  cols: 3
  data: [1118.930376855336, 0.0, 611.3418143939654, 0.0, 1134.3470124848477, 520.9866170220945,
    0.0, 0.0, 1.0]
  rows: 3
camera_name: watchtower49/camera_node
distortion_coefficients:
  cols: 5
  data: [-0.6597332471894137, 0.36056510286370946, -0.014680979996292783, 0.01238863210682485,
    0.0]
  rows: 1
distortion_model: plumb_bob
image_height: 972
image_width: 1296
projection_matrix:
  cols: 4
  data: [820.9011840820312, 0.0, 631.1184371057607, 0.0, 0.0, 976.4639892578125, 517.2626396771593,
    0.0, 0.0, 0.0, 1.0, 0.0]
  rows: 3
rectification_matrix:
  cols: 3
  data: [1.0, 0.0, 0.0, 0.0, 1.0, 0.0, 0.0, 0.0, 1.0]
  rows: 3
