camera_matrix:
  cols: 3
  data: [664.5655988675321, 0.0, 609.1592080783305, 0.0, 669.6623400018469, 494.83533258582,
    0.0, 0.0, 1.0]
  rows: 3
camera_name: watchtower23/camera_node
distortion_coefficients:
  cols: 5
  data: [-0.2640820236306682, 0.04974438581138772, -0.0010253994925475476, -7.77718693090065e-05,
    0.0]
  rows: 1
distortion_model: plumb_bob
image_height: 972
image_width: 1296
projection_matrix:
  cols: 4
  data: [460.12884521484375, 0.0, 607.7809385475339, 0.0, 0.0, 552.3631591796875,
    497.1084588296362, 0.0, 0.0, 0.0, 1.0, 0.0]
  rows: 3
rectification_matrix:
  cols: 3
  data: [1.0, 0.0, 0.0, 0.0, 1.0, 0.0, 0.0, 0.0, 1.0]
  rows: 3
