camera_matrix:
  cols: 3
  data: [659.8490728612702, 0.0, 648.9623343132339, 0.0, 662.5045117157546, 482.75633861600096,
    0.0, 0.0, 1.0]
  rows: 3
camera_name: watchtower26/camera_node
distortion_coefficients:
  cols: 5
  data: [-0.2644959834957213, 0.050899808612237654, -0.00040118066957710877, 0.0002114572847783948,
    0.0]
  rows: 1
distortion_model: plumb_bob
image_height: 972
image_width: 1296
projection_matrix:
  cols: 4
  data: [451.7923278808594, 0.0, 649.1996320575272, 0.0, 0.0, 544.6206665039062, 480.0421861566974,
    0.0, 0.0, 0.0, 1.0, 0.0]
  rows: 3
rectification_matrix:
  cols: 3
  data: [1.0, 0.0, 0.0, 0.0, 1.0, 0.0, 0.0, 0.0, 1.0]
  rows: 3
