camera_matrix:
  cols: 3
  data: [660.4354958146038, 0.0, 648.7387806715717, 0.0, 660.5436363004804, 456.3594792312383,
    0.0, 0.0, 1.0]
  rows: 3
camera_name: watchtower25/camera_node
distortion_coefficients:
  cols: 5
  data: [-0.26655592993767546, 0.05302037394047867, 0.0004513797927999913, -0.0003994279487812702,
    0.0]
  rows: 1
distortion_model: plumb_bob
image_height: 972
image_width: 1296
projection_matrix:
  cols: 4
  data: [462.0278625488281, 0.0, 647.4945901444371, 0.0, 0.0, 539.6744995117188, 441.5195002030996,
    0.0, 0.0, 0.0, 1.0, 0.0]
  rows: 3
rectification_matrix:
  cols: 3
  data: [1.0, 0.0, 0.0, 0.0, 1.0, 0.0, 0.0, 0.0, 1.0]
  rows: 3
