camera_matrix:
  cols: 3
  data: [341.5754769199038, 0.0, 312.4343053394674, 0.0, 341.4824495342263, 221.6475644560973,
    0.0, 0.0, 1.0]
  rows: 3
camera_name: autobot06/camera_node
distortion_coefficients:
  cols: 5
  data: [-0.289894226161918, 0.06338930960137387, 0.000696781307804546, 0.0001728287338516043,
    0.0]
  rows: 1
distortion_model: plumb_bob
image_height: 480
image_width: 640
projection_matrix:
  cols: 4
  data: [239.8842010498047, 0.0, 314.145771464684, 0.0, 0.0, 279.1425476074219, 212.81149859188372,
    0.0, 0.0, 0.0, 1.0, 0.0]
  rows: 3
rectification_matrix:
  cols: 3
  data: [1.0, 0.0, 0.0, 0.0, 1.0, 0.0, 0.0, 0.0, 1.0]
  rows: 3
