camera_matrix:
  cols: 3
  data: [666.0017485884093, 0.0, 613.1193601150579, 0.0, 664.8552104471647, 482.70794723240533,
    0.0, 0.0, 1.0]
  rows: 3
camera_name: watchtower09/camera_node
distortion_coefficients:
  cols: 5
  data: [-0.26172917394538325, 0.05091191202831449, 0.0011647058716918802, -0.0015508729946478155,
    0.0]
  rows: 1
distortion_model: plumb_bob
image_height: 972
image_width: 1296
projection_matrix:
  cols: 4
  data: [468.073486328125, 0.0, 604.1892446354905, 0.0, 0.0, 548.8970336914062, 483.73332197339187,
    0.0, 0.0, 0.0, 1.0, 0.0]
  rows: 3
rectification_matrix:
  cols: 3
  data: [1.0, 0.0, 0.0, 0.0, 1.0, 0.0, 0.0, 0.0, 1.0]
  rows: 3
