camera_matrix:
  cols: 3
  data: [669.8904882597565, 0.0, 664.49672056191, 0.0, 670.0688027337957, 453.88738445744104,
    0.0, 0.0, 1.0]
  rows: 3
camera_name: watchtower01/camera_node
distortion_coefficients:
  cols: 5
  data: [-0.27711157258059826, 0.06109977258038112, 0.002207694459187906, 0.0002747502186464026,
    0.0]
  rows: 1
distortion_model: plumb_bob
image_height: 972
image_width: 1296
projection_matrix:
  cols: 4
  data: [481.2729797363281, 0.0, 663.1538435105431, 0.0, 0.0, 549.1766357421875, 442.5695235031162,
    0.0, 0.0, 0.0, 1.0, 0.0]
  rows: 3
rectification_matrix:
  cols: 3
  data: [1.0, 0.0, 0.0, 0.0, 1.0, 0.0, 0.0, 0.0, 1.0]
  rows: 3
