camera_matrix:
  cols: 3
  data: [496.2990453722404, 0.0, 297.15071866945254, 0.0, 516.3753775327573, 248.2194530607635,
    0.0, 0.0, 1.0]
  rows: 3
camera_name: watchtower44/camera_node
distortion_coefficients:
  cols: 5
  data: [-0.5784703639000544, 0.24275142625642482, -0.007089183686385165, 0.01204887837702346,
    0.0]
  rows: 1
distortion_model: plumb_bob
image_height: 480
image_width: 640
projection_matrix:
  cols: 4
  data: [342.8204345703125, 0.0, 309.6380015455361, 0.0, 0.0, 438.5503845214844, 247.0935720989837,
    0.0, 0.0, 0.0, 1.0, 0.0]
  rows: 3
rectification_matrix:
  cols: 3
  data: [1.0, 0.0, 0.0, 0.0, 1.0, 0.0, 0.0, 0.0, 1.0]
  rows: 3
