camera_matrix:
  cols: 3
  data: [675.9001848926512, 0.0, 675.8347138886236, 0.0, 680.7504746100458, 483.3628006336226,
    0.0, 0.0, 1.0]
  rows: 3
camera_name: watchtower35/camera_node
distortion_coefficients:
  cols: 5
  data: [-0.27010843727570333, 0.053056327920730645, 0.00014178652815597965, 0.0005721084909475574,
    0.0]
  rows: 1
distortion_model: plumb_bob
image_height: 972
image_width: 1296
projection_matrix:
  cols: 4
  data: [467.1545715332031, 0.0, 679.2926984078549, 0.0, 0.0, 564.0435180664062, 482.33182062748165,
    0.0, 0.0, 0.0, 1.0, 0.0]
  rows: 3
rectification_matrix:
  cols: 3
  data: [1.0, 0.0, 0.0, 0.0, 1.0, 0.0, 0.0, 0.0, 1.0]
  rows: 3
