camera_matrix:
  cols: 3
  data: [668.6273715627417, 0.0, 629.2798852577731, 0.0, 670.2458660108514, 459.852633642304,
    0.0, 0.0, 1.0]
  rows: 3
camera_name: watchtower15/camera_node
distortion_coefficients:
  cols: 5
  data: [-0.2716999429811307, 0.05384274165022577, 0.000735843928241498, -0.00016281864912447597,
    0.0]
  rows: 1
distortion_model: plumb_bob
image_height: 972
image_width: 1296
projection_matrix:
  cols: 4
  data: [462.3355712890625, 0.0, 633.9779982504115, 0.0, 0.0, 548.749267578125, 447.47053227772994,
    0.0, 0.0, 0.0, 1.0, 0.0]
  rows: 3
rectification_matrix:
  cols: 3
  data: [1.0, 0.0, 0.0, 0.0, 1.0, 0.0, 0.0, 0.0, 1.0]
  rows: 3
