calibration_time: 2019-05-12__13:28:34
dl: 0.08763805962128653
dr: 0.08688679394703781
L: 0.06
