camera_matrix:
  cols: 3
  data: [662.8910252916057, 0.0, 704.348740166497, 0.0, 662.4179991759619, 496.1160946873169,
    0.0, 0.0, 1.0]
  rows: 3
camera_name: watchtower06/camera_node
distortion_coefficients:
  cols: 5
  data: [-0.2712982451351699, 0.056228964745676215, 0.0004634199698529443, -0.00035859552057718603,
    0.0]
  rows: 1
distortion_model: plumb_bob
image_height: 972
image_width: 1296
projection_matrix:
  cols: 4
  data: [471.8677673339844, 0.0, 706.0654069773518, 0.0, 0.0, 540.2067260742188, 502.7435161494941,
    0.0, 0.0, 0.0, 1.0, 0.0]
  rows: 3
rectification_matrix:
  cols: 3
  data: [1.0, 0.0, 0.0, 0.0, 1.0, 0.0, 0.0, 0.0, 1.0]
  rows: 3
