camera_matrix:
  cols: 3
  data: [657.9781958992534, 0.0, 625.0994182729114, 0.0, 660.5012090924566, 446.95679774972206,
    0.0, 0.0, 1.0]
  rows: 3
camera_name: watchtower28/camera_node
distortion_coefficients:
  cols: 5
  data: [-0.2662429468144936, 0.0520000573991591, 0.0018222790127144358, -1.05889769712302e-07,
    0.0]
  rows: 1
distortion_model: plumb_bob
image_height: 972
image_width: 1296
projection_matrix:
  cols: 4
  data: [458.1747741699219, 0.0, 629.0909631453178, 0.0, 0.0, 538.2886352539062, 430.22103509559383,
    0.0, 0.0, 0.0, 1.0, 0.0]
  rows: 3
rectification_matrix:
  cols: 3
  data: [1.0, 0.0, 0.0, 0.0, 1.0, 0.0, 0.0, 0.0, 1.0]
  rows: 3
