camera_matrix:
  cols: 3
  data: [701.7572949379579, 0.0, 659.6594848489502, 0.0, 703.1003537177077, 506.22436183940266,
    0.0, 0.0, 1.0]
  rows: 3
camera_name: watchtower11/camera_node
distortion_coefficients:
  cols: 5
  data: [-0.23796047540115095, 0.03844129413972452, 0.0008484060830120148, -0.0032827069949898586,
    0.0]
  rows: 1
distortion_model: plumb_bob
image_height: 972
image_width: 1296
projection_matrix:
  cols: 4
  data: [499.767578125, 0.0, 650.02818185254, 0.0, 0.0, 605.8200073242188, 515.618769164339,
    0.0, 0.0, 0.0, 1.0, 0.0]
  rows: 3
rectification_matrix:
  cols: 3
  data: [1.0, 0.0, 0.0, 0.0, 1.0, 0.0, 0.0, 0.0, 1.0]
  rows: 3
