calibration_time: 2019-05-12__12:59:52
dl: 0.20009875981469144
dr: 0.20110724201578728
L: 0.06
