camera_matrix:
  cols: 3
  data: [659.219579742158, 0.0, 660.4236119264978, 0.0, 660.2671016300287, 437.04968752988555,
    0.0, 0.0, 1.0]
  rows: 3
camera_name: watchtower30/camera_node
distortion_coefficients:
  cols: 5
  data: [-0.26253835169701345, 0.049021626116707503, -4.4391157542434375e-05, -0.0006549718410416481,
    0.0]
  rows: 1
distortion_model: plumb_bob
image_height: 972
image_width: 1296
projection_matrix:
  cols: 4
  data: [454.7662353515625, 0.0, 655.9189737863926, 0.0, 0.0, 534.7091674804688, 410.33541487386174,
    0.0, 0.0, 0.0, 1.0, 0.0]
  rows: 3
rectification_matrix:
  cols: 3
  data: [1.0, 0.0, 0.0, 0.0, 1.0, 0.0, 0.0, 0.0, 1.0]
  rows: 3
