camera_matrix:
  cols: 3
  data: [657.7811119668652, 0.0, 632.4102775643122, 0.0, 659.9039477242142, 511.71192252756856,
    0.0, 0.0, 1.0]
  rows: 3
camera_name: watchtower13/camera_node
distortion_coefficients:
  cols: 5
  data: [-0.27588401778708327, 0.05854597551561956, -0.0011557841622041284, -5.125920299767153e-05,
    0.0]
  rows: 1
distortion_model: plumb_bob
image_height: 972
image_width: 1296
projection_matrix:
  cols: 4
  data: [466.90362548828125, 0.0, 633.5405723531221, 0.0, 0.0, 535.7799072265625,
    523.0675852364438, 0.0, 0.0, 0.0, 1.0, 0.0]
  rows: 3
rectification_matrix:
  cols: 3
  data: [1.0, 0.0, 0.0, 0.0, 1.0, 0.0, 0.0, 0.0, 1.0]
  rows: 3
