camera_matrix:
  cols: 3
  data: [1152.4364042026352, 0.0, 656.979319887735, 0.0, 1207.3103824974596, 517.2442538205805,
    0.0, 0.0, 1.0]
  rows: 3
camera_name: watchtower48/camera_node
distortion_coefficients:
  cols: 5
  data: [-0.6060024719050866, 0.2955435710627099, -0.03037307966956839, -0.005849446894620529,
    0.0]
  rows: 1
distortion_model: plumb_bob
image_height: 972
image_width: 1296
projection_matrix:
  cols: 4
  data: [877.3079833984375, 0.0, 644.957966087255, 0.0, 0.0, 1075.05029296875, 497.35766569981934,
    0.0, 0.0, 0.0, 1.0, 0.0]
  rows: 3
rectification_matrix:
  cols: 3
  data: [1.0, 0.0, 0.0, 0.0, 1.0, 0.0, 0.0, 0.0, 1.0]
  rows: 3
