camera_matrix:
  cols: 3
  data: [852.2755977805974, 0.0, 671.4150955308309, 0.0, 865.3831581658924, 494.9857966985981,
    0.0, 0.0, 1.0]
  rows: 3
camera_name: watchtower24/camera_node
distortion_coefficients:
  cols: 5
  data: [-0.40140122053896715, 0.1280336234384717, 0.007309197718033737, -0.001835249303355346,
    0.0]
  rows: 1
distortion_model: plumb_bob
image_height: 972
image_width: 1296
projection_matrix:
  cols: 4
  data: [607.9378662109375, 0.0, 673.2601427907503, 0.0, 0.0, 732.01171875, 510.5679134919774,
    0.0, 0.0, 0.0, 1.0, 0.0]
  rows: 3
rectification_matrix:
  cols: 3
  data: [1.0, 0.0, 0.0, 0.0, 1.0, 0.0, 0.0, 0.0, 1.0]
  rows: 3
